% number of repeats:% 2
% enter max GFLOPS:% 11.200000
% enter nb_alg:% 128
% enter nfirst, nlast, ninc, nlast_unb:% 40 1000 40 500
data_REF( 1, 1:2 ) = [ 40 1.855072e+00 ];
data_FLAME( 1, 1:2 ) = [ 40 1.015873e+00 ];
data_unb_var1( 1, 1:3 ) = [ 40 1.939394e+00  0.000000e+00];
data_blk_var1( 1, 1:3 ) = [ 40 1.939394e+00  0.000000e+00];
data_unb_var2( 1, 1:3 ) = [ 40 1.939394e+00  0.000000e+00];
data_blk_var2( 1, 1:3 ) = [ 40 1.855072e+00  0.000000e+00];
data_unb_var3( 1, 1:3 ) = [ 40 1.939394e+00  0.000000e+00];
data_blk_var3( 1, 1:3 ) = [ 40 1.855072e+00  0.000000e+00];
data_unb_var4( 1, 1:3 ) = [ 40 1.939394e+00  0.000000e+00];
data_blk_var4( 1, 1:3 ) = [ 40 1.939394e+00  0.000000e+00];
data_unb_var5( 1, 1:3 ) = [ 40 7.757576e-01  1.110223e-16];
data_blk_var5( 1, 1:3 ) = [ 40 7.619048e-01  1.110223e-16];

data_REF( 2, 1:2 ) = [ 80 2.120083e+00 ];
data_FLAME( 2, 1:2 ) = [ 80 3.447811e+00 ];
data_unb_var1( 2, 1:3 ) = [ 80 2.306306e+00  0.000000e+00];
data_blk_var1( 2, 1:3 ) = [ 80 2.290828e+00  0.000000e+00];
data_unb_var2( 2, 1:3 ) = [ 80 2.290828e+00  0.000000e+00];
data_blk_var2( 2, 1:3 ) = [ 80 2.290828e+00  0.000000e+00];
data_unb_var3( 2, 1:3 ) = [ 80 2.290828e+00  0.000000e+00];
data_blk_var3( 2, 1:3 ) = [ 80 2.306306e+00  0.000000e+00];
data_unb_var4( 2, 1:3 ) = [ 80 2.290828e+00  0.000000e+00];
data_blk_var4( 2, 1:3 ) = [ 80 2.290828e+00  0.000000e+00];
data_unb_var5( 2, 1:3 ) = [ 80 2.321995e+00  2.220446e-16];
data_blk_var5( 2, 1:3 ) = [ 80 2.321995e+00  2.220446e-16];

data_REF( 3, 1:2 ) = [ 120 2.548673e+00 ];
data_FLAME( 3, 1:2 ) = [ 120 5.674877e+00 ];
data_unb_var1( 3, 1:3 ) = [ 120 2.548673e+00  0.000000e+00];
data_blk_var1( 3, 1:3 ) = [ 120 2.548673e+00  0.000000e+00];
data_unb_var2( 3, 1:3 ) = [ 120 2.548673e+00  0.000000e+00];
data_blk_var2( 3, 1:3 ) = [ 120 2.548673e+00  0.000000e+00];
data_unb_var3( 3, 1:3 ) = [ 120 2.554324e+00  0.000000e+00];
data_blk_var3( 3, 1:3 ) = [ 120 2.548673e+00  0.000000e+00];
data_unb_var4( 3, 1:3 ) = [ 120 2.482759e+00  0.000000e+00];
data_blk_var4( 3, 1:3 ) = [ 120 2.482759e+00  0.000000e+00];
data_unb_var5( 3, 1:3 ) = [ 120 3.622642e+00  2.220446e-16];
data_blk_var5( 3, 1:3 ) = [ 120 3.600000e+00  2.220446e-16];

data_REF( 4, 1:2 ) = [ 160 2.717081e+00 ];
data_FLAME( 4, 1:2 ) = [ 160 7.167104e+00 ];
data_unb_var1( 4, 1:3 ) = [ 160 2.719788e+00  0.000000e+00];
data_blk_var1( 4, 1:3 ) = [ 160 2.719788e+00  0.000000e+00];
data_unb_var2( 4, 1:3 ) = [ 160 2.719788e+00  0.000000e+00];
data_blk_var2( 4, 1:3 ) = [ 160 2.719788e+00  0.000000e+00];
data_unb_var3( 4, 1:3 ) = [ 160 2.719788e+00  0.000000e+00];
data_blk_var3( 4, 1:3 ) = [ 160 2.719788e+00  0.000000e+00];
data_unb_var4( 4, 1:3 ) = [ 160 2.719788e+00  0.000000e+00];
data_blk_var4( 4, 1:3 ) = [ 160 2.648561e+00  0.000000e+00];
data_unb_var5( 4, 1:3 ) = [ 160 4.597082e+00  2.220446e-16];
data_blk_var5( 4, 1:3 ) = [ 160 5.028852e+00  1.705303e-13];

data_REF( 5, 1:2 ) = [ 200 2.804066e+00 ];
data_FLAME( 5, 1:2 ) = [ 200 8.574491e+00 ];
data_unb_var1( 5, 1:3 ) = [ 200 2.729444e+00  0.000000e+00];
data_blk_var1( 5, 1:3 ) = [ 200 2.802592e+00  0.000000e+00];
data_unb_var2( 5, 1:3 ) = [ 200 2.767687e+00  0.000000e+00];
data_blk_var2( 5, 1:3 ) = [ 200 2.728048e+00  0.000000e+00];
data_unb_var3( 5, 1:3 ) = [ 200 2.802592e+00  0.000000e+00];
data_blk_var3( 5, 1:3 ) = [ 200 2.769124e+00  0.000000e+00];
data_unb_var4( 5, 1:3 ) = [ 200 2.802592e+00  0.000000e+00];
data_blk_var4( 5, 1:3 ) = [ 200 2.801120e+00  0.000000e+00];
data_unb_var5( 5, 1:3 ) = [ 200 5.093919e+00  2.220446e-16];
data_blk_var5( 5, 1:3 ) = [ 200 6.691761e+00  2.557954e-13];

data_REF( 6, 1:2 ) = [ 240 2.840062e+00 ];
data_FLAME( 6, 1:2 ) = [ 240 9.762712e+00 ];
data_unb_var1( 6, 1:3 ) = [ 240 2.841813e+00  0.000000e+00];
data_blk_var1( 6, 1:3 ) = [ 240 2.840062e+00  0.000000e+00];
data_unb_var2( 6, 1:3 ) = [ 240 2.858561e+00  0.000000e+00];
data_blk_var2( 6, 1:3 ) = [ 240 2.853251e+00  0.000000e+00];
data_unb_var3( 6, 1:3 ) = [ 240 2.708199e+00  0.000000e+00];
data_blk_var3( 6, 1:3 ) = [ 240 2.858561e+00  0.000000e+00];
data_unb_var4( 6, 1:3 ) = [ 240 2.855903e+00  0.000000e+00];
data_blk_var4( 6, 1:3 ) = [ 240 2.855903e+00  0.000000e+00];
data_unb_var5( 6, 1:3 ) = [ 240 5.168817e+00  4.440892e-16];
data_blk_var5( 6, 1:3 ) = [ 240 7.843404e+00  2.273737e-13];

data_REF( 7, 1:2 ) = [ 280 2.884246e+00 ];
data_FLAME( 7, 1:2 ) = [ 280 1.037920e+01 ];
data_unb_var1( 7, 1:3 ) = [ 280 2.888801e+00  0.000000e+00];
data_blk_var1( 7, 1:3 ) = [ 280 2.876876e+00  0.000000e+00];
data_unb_var2( 7, 1:3 ) = [ 280 2.858892e+00  0.000000e+00];
data_blk_var2( 7, 1:3 ) = [ 280 2.853874e+00  0.000000e+00];
data_unb_var3( 7, 1:3 ) = [ 280 2.811115e+00  0.000000e+00];
data_blk_var3( 7, 1:3 ) = [ 280 2.861687e+00  0.000000e+00];
data_unb_var4( 7, 1:3 ) = [ 280 2.874051e+00  0.000000e+00];
data_blk_var4( 7, 1:3 ) = [ 280 2.872359e+00  0.000000e+00];
data_unb_var5( 7, 1:3 ) = [ 280 5.042959e+00  3.330669e-16];
data_blk_var5( 7, 1:3 ) = [ 280 8.680111e+00  5.684342e-13];

data_REF( 8, 1:2 ) = [ 320 2.937385e+00 ];
data_FLAME( 8, 1:2 ) = [ 320 1.110027e+01 ];
data_unb_var1( 8, 1:3 ) = [ 320 2.938571e+00  0.000000e+00];
data_blk_var1( 8, 1:3 ) = [ 320 2.915821e+00  0.000000e+00];
data_unb_var2( 8, 1:3 ) = [ 320 2.920109e+00  0.000000e+00];
data_blk_var2( 8, 1:3 ) = [ 320 2.914654e+00  0.000000e+00];
data_unb_var3( 8, 1:3 ) = [ 320 2.913488e+00  0.000000e+00];
data_blk_var3( 8, 1:3 ) = [ 320 2.910771e+00  0.000000e+00];
data_unb_var4( 8, 1:3 ) = [ 320 2.899566e+00  0.000000e+00];
data_blk_var4( 8, 1:3 ) = [ 320 2.909995e+00  0.000000e+00];
data_unb_var5( 8, 1:3 ) = [ 320 5.014998e+00  2.220446e-16];
data_blk_var5( 8, 1:3 ) = [ 320 9.560321e+00  5.115908e-13];

data_REF( 9, 1:2 ) = [ 360 2.949085e+00 ];
data_FLAME( 9, 1:2 ) = [ 360 1.117643e+01 ];
data_unb_var1( 9, 1:3 ) = [ 360 2.858035e+00  0.000000e+00];
data_blk_var1( 9, 1:3 ) = [ 360 2.791349e+00  0.000000e+00];
data_unb_var2( 9, 1:3 ) = [ 360 2.774171e+00  0.000000e+00];
data_blk_var2( 9, 1:3 ) = [ 360 1.979004e+00  0.000000e+00];
data_unb_var3( 9, 1:3 ) = [ 360 2.802162e+00  0.000000e+00];
data_blk_var3( 9, 1:3 ) = [ 360 2.910997e+00  0.000000e+00];
data_unb_var4( 9, 1:3 ) = [ 360 2.787846e+00  0.000000e+00];
data_blk_var4( 9, 1:3 ) = [ 360 2.017775e+00  0.000000e+00];
data_unb_var5( 9, 1:3 ) = [ 360 4.739296e+00  2.220446e-16];
data_blk_var5( 9, 1:3 ) = [ 360 8.715046e+00  7.958079e-13];

data_REF( 10, 1:2 ) = [ 400 2.968529e+00 ];
data_FLAME( 10, 1:2 ) = [ 400 1.182885e+01 ];
data_unb_var1( 10, 1:3 ) = [ 400 2.955779e+00  0.000000e+00];
data_blk_var1( 10, 1:3 ) = [ 400 2.985562e+00  0.000000e+00];
data_unb_var2( 10, 1:3 ) = [ 400 2.974531e+00  0.000000e+00];
data_blk_var2( 10, 1:3 ) = [ 400 2.980765e+00  0.000000e+00];
data_unb_var3( 10, 1:3 ) = [ 400 2.959059e+00  0.000000e+00];
data_blk_var3( 10, 1:3 ) = [ 400 2.972044e+00  0.000000e+00];
data_unb_var4( 10, 1:3 ) = [ 400 2.982223e+00  0.000000e+00];
data_blk_var4( 10, 1:3 ) = [ 400 2.983266e+00  0.000000e+00];
data_unb_var5( 10, 1:3 ) = [ 400 5.076947e+00  3.330669e-16];
data_blk_var5( 10, 1:3 ) = [ 400 1.062682e+01  8.526513e-13];

data_REF( 11, 1:2 ) = [ 440 2.991431e+00 ];
data_FLAME( 11, 1:2 ) = [ 440 1.221539e+01 ];
data_unb_var1( 11, 1:3 ) = [ 440 3.001075e+00  0.000000e+00];
data_blk_var1( 11, 1:3 ) = [ 440 2.988598e+00  0.000000e+00];
data_unb_var2( 11, 1:3 ) = [ 440 2.988598e+00  0.000000e+00];
data_blk_var2( 11, 1:3 ) = [ 440 2.990171e+00  0.000000e+00];
data_unb_var3( 11, 1:3 ) = [ 440 2.977473e+00  0.000000e+00];
data_blk_var3( 11, 1:3 ) = [ 440 2.979191e+00  0.000000e+00];
data_unb_var4( 11, 1:3 ) = [ 440 2.996799e+00  0.000000e+00];
data_blk_var4( 11, 1:3 ) = [ 440 2.990014e+00  0.000000e+00];
data_unb_var5( 11, 1:3 ) = [ 440 5.099617e+00  4.440892e-16];
data_blk_var5( 11, 1:3 ) = [ 440 1.105281e+01  9.663381e-13];

data_REF( 12, 1:2 ) = [ 480 3.021639e+00 ];
data_FLAME( 12, 1:2 ) = [ 480 1.243515e+01 ];
data_unb_var1( 12, 1:3 ) = [ 480 3.025359e+00  0.000000e+00];
